--- /workspace/RayJoin_fresh/test/dataset/br_countyXbr_soil_answer.txt	2026-06-29 01:23:15.000000000 +0000
+++ /workspace/rtdl_goal4817_user_smoke_artifacts_20260630/author_sample_bundled_helper_correctness/rtdl_overlay_output.txt	2026-06-30 10:39:35.000000000 +0000
@@ -2800,7 +2800,7 @@
 249 2 2315 2316 168 169
 -63.741194 -10.844653
 -63.706202 -10.839593
-250 2 2317 2318 0 71
+250 2 2317 2318 0 176
 -65.313171 -9.896999
 -65.297564 -9.879066
 251 4 2318 2321 0 79
@@ -2808,7 +2808,7 @@
 -65.290752 -9.871240
 -65.285503 -9.845103
 -65.289854 -9.837434
-252 2 2321 2322 0 176
+252 2 2321 2322 0 177
 -65.289854 -9.837434
 -65.291751 -9.834090
 253 3 2322 2324 0 71
@@ -2829,11 +2829,11 @@
 -65.486036 -9.707471
 -65.489339 -9.714936
 -65.489003 -9.715530
-257 3 2336 2338 0 177
+257 3 2336 2338 0 178
 -65.663673 -9.787325
 -65.668342 -9.780756
 -65.681019 -9.792325
-258 7 2339 2345 0 177
+258 7 2339 2345 0 178
 -65.691306 -9.767568
 -65.688673 -9.768447
 -65.680923 -9.766934
@@ -2841,45 +2841,45 @@
 -65.685506 -9.760697
 -65.684424 -9.748621
 -65.690737 -9.748990
-259 5 2346 2350 0 177
+259 5 2346 2350 0 178
 -65.767514 -9.736255
 -65.767424 -9.735153
 -65.777364 -9.736439
 -65.778947 -9.748644
 -65.778476 -9.750675
-260 4 2351 2354 0 177
+260 4 2351 2354 0 178
 -65.811575 -9.757622
 -65.814886 -9.754699
 -65.818589 -9.755073
 -65.819905 -9.765692
-261 3 2355 2357 0 177
+261 3 2355 2357 0 178
 -65.820313 -9.766088
 -65.829643 -9.767051
 -65.830619 -9.768994
-262 4 2358 2361 0 178
+262 4 2358 2361 0 179
 -65.870266 -9.754589
 -65.870816 -9.753002
 -65.885365 -9.752096
 -65.892533 -9.756171
-263 4 2362 2365 0 178
+263 4 2362 2365 0 179
 -65.914983 -9.757765
 -65.915142 -9.753357
 -65.922590 -9.753740
 -65.924583 -9.758447
-264 3 2366 2368 0 178
+264 3 2366 2368 0 179
 -65.940500 -9.760791
 -65.942648 -9.759705
 -65.950092 -9.766131
-265 4 2369 2372 0 178
+265 4 2369 2372 0 179
 -65.954723 -9.768708
 -65.966613 -9.770264
 -65.971870 -9.775096
 -65.973270 -9.793389
-266 3 2373 2375 0 179
+266 3 2373 2375 0 180
 -66.068472 -9.784097
 -66.070563 -9.783911
 -66.086337 -9.789560
-267 14 2376 2389 0 179
+267 14 2376 2389 0 180
 -66.097256 -9.791078
 -66.097224 -9.790917
 -66.099647 -9.784343
@@ -2894,24 +2894,24 @@
 -66.151477 -9.785232
 -66.171925 -9.792900
 -66.175326 -9.801937
-268 6 2390 2395 0 179
+268 6 2390 2395 0 180
 -66.227608 -9.821302
 -66.237113 -9.814210
 -66.241341 -9.826591
 -66.247789 -9.820648
 -66.248531 -9.826868
 -66.249706 -9.828054
-269 5 2396 2400 0 179
+269 5 2396 2400 0 180
 -66.274419 -9.832214
 -66.274756 -9.826586
 -66.279171 -9.828323
 -66.283034 -9.832816
 -66.282934 -9.833647
-270 3 2401 2403 0 179
+270 3 2401 2403 0 180
 -66.300907 -9.836672
 -66.304340 -9.834950
 -66.306050 -9.837538
-271 7 2404 2410 0 179
+271 7 2404 2410 0 180
 -66.309210 -9.838294
 -66.315259 -9.831030
 -66.318952 -9.836534
@@ -2919,23 +2919,23 @@
 -66.350840 -9.846579
 -66.355423 -9.848379
 -66.357230 -9.857010
-272 4 2411 2414 0 179
+272 4 2411 2414 0 180
 -66.389504 -9.865864
 -66.402566 -9.863176
 -66.402371 -9.868411
 -66.404002 -9.869744
-273 5 2415 2419 0 179
+273 5 2415 2419 0 180
 -66.425166 -9.875408
 -66.424343 -9.873342
 -66.435254 -9.865627
 -66.444643 -9.871059
 -66.453048 -9.872579
-274 4 2420 2423 0 179
+274 4 2420 2423 0 180
 -66.467764 -9.870349
 -66.470090 -9.868577
 -66.480484 -9.868060
 -66.481315 -9.868295
-275 13 2424 2436 0 179
+275 13 2424 2436 0 180
 -66.535780 -9.881695
 -66.543313 -9.877061
 -66.548395 -9.888422
@@ -2953,7 +2953,7 @@
 -65.318393 -9.936639
 -65.316784 -9.936576
 -65.305952 -9.943914
-277 20 2439 2458 79 180
+277 20 2439 2458 79 181
 -65.305952 -9.943914
 -65.291337 -9.953815
 -65.283887 -9.954339
@@ -2974,13 +2974,13 @@
 -64.594770 -10.000010
 -64.572602 -10.000015
 -64.418536 -10.000000
-278 2 2458 2459 181 166
+278 2 2458 2459 182 166
 -64.418536 -10.000000
 -64.381459 -9.999996
-279 2 2459 2460 79 180
+279 2 2459 2460 79 181
 -64.381459 -9.999996
 -64.340631 -9.999992
-280 10 1255 2469 182 88
+280 10 1255 2469 183 88
 -62.158696 -11.067355
 -62.157483 -11.060948
 -62.166056 -11.057262
@@ -2991,7 +2991,7 @@
 -62.153975 -11.045414
 -62.144341 -11.038370
 -62.143917 -11.030016
-281 34 1255 2502 102 182
+281 34 1255 2502 102 183
 -62.158696 -11.067355
 -62.169332 -11.072535
 -62.170561 -11.070613
@@ -3026,7 +3026,7 @@
 -62.261675 -11.159015
 -62.264315 -11.171944
 -62.314292 -11.173128
-282 12 2502 2513 101 183
+282 12 2502 2513 101 184
 -62.314292 -11.173128
 -62.331517 -11.173537
 -62.335528 -11.173631
@@ -3082,7 +3082,7 @@
 -62.722897 -11.445156
 -62.728424 -11.448946
 -62.733146 -11.446909
-286 6 2550 2555 184 185
+286 6 2550 2555 185 186
 -62.733146 -11.446909
 -62.734928 -11.446140
 -62.744508 -11.447595
@@ -3097,7 +3097,7 @@
